size = 8x8 - const
ribs - float

8 - ribs

0 1 0 0 0 0 0 11
1 0 1 0 0 0 0 0
0 1 0 1 0 0 0 0
0 0 1 0 1 0 0 0
0 0 0 1 0 1 0 0
0 0 0 0 1 0 5 0
0 0 0 0 0 5 0 2
11 0 0 0 0 0 2 0

9 - ribs

0 1 0 0 0 0 0 11
1 0 1 0 0 0 0 9
0 1 0 1 0 0 0 0
0 0 1 0 1 0 0 0
0 0 0 1 0 1 0 0
0 0 0 0 1 0 5 0
0 0 0 0 0 5 0 2
11 9 0 0 0 0 2 0

10 - ribs

0 1 0 0 0 0 0 11
1 0 1 0 0 0 0 9
0 1 0 1 0 0 0 7
0 0 1 0 1 0 0 0
0 0 0 1 0 1 0 0
0 0 0 0 1 0 5 0
0 0 0 0 0 5 0 2
11 9 7 0 0 0 2 0

11 - ribs

0 1 0 0 0 0 0 11
1 0 1 0 0 0 0 9
0 1 0 1 0 0 0 7
0 0 1 0 1 0 0 5
0 0 0 1 0 1 0 0
0 0 0 0 1 0 5 0
0 0 0 0 0 5 0 2
11 9 7 5 0 0 2 0

12 - ribs

0 1 0 0 0 0 0 11
1 0 1 0 0 0 0 9
0 1 0 1 0 0 0 7
0 0 1 0 1 0 0 5
0 0 0 1 0 1 0 3
0 0 0 0 1 0 5 0
0 0 0 0 0 5 0 2
11 9 7 5 3 0 2 0

13 - ribs

0 1 0 0 0 0 0 11
1 0 1 0 0 0 0 9
0 1 0 1 0 0 0 7
0 0 1 0 1 0 0 5
0 0 0 1 0 1 0 3
0 0 0 0 1 0 5 1
0 0 0 0 0 5 0 2
11 9 7 5 3 1 2 0

ribs = 12 - const
size - float

7 - size

0 2 4 3 0 0 0
2 0 0 2 0 0 5
4 0 0 1 6 0 0
3 2 1 0 6 1 0
0 0 6 6 0 1 0
0 0 0 1 1 0 4
0 5 0 0 0 4 0

8 - size

0 1 2 0 0 0 0 0
1 0 0 3 0 0 5 0
2 0 0 2 4 0 0 0
0 3 2 0 0 5 1 2
0 0 4 0 0 3 0 0
0 0 0 5 3 0 0 1
0 5 0 1 0 0 0 1
0 0 0 2 0 1 1 0

9 - size

0 1 0 1 2 0 0 0 0
1 0 1 0 0 0 0 0 0
0 1 0 0 1 2 0 0 0
1 0 0 0 0 0 1 0 0
2 0 1 0 0 0 2 0 2
0 0 2 0 0 0 0 0 3
0 0 0 1 2 0 0 4 0
0 0 0 0 0 0 4 0 5
0 0 0 0 2 3 0 5 0

10 - size

0 6 0 0 0 0 0 1 0 0
6 0 1 0 0 0 0 0 0 0
0 1 0 7 0 0 0 0 3 0
0 0 7 0 9 0 0 0 0 5
0 0 0 9 0 2 0 0 0 0
0 0 0 0 2 0 1 0 0 0
0 0 0 0 0 1 0 4 0 3
1 0 0 0 0 0 4 0 2 0
0 0 3 0 0 0 0 2 0 0
0 0 0 5 0 0 3 0 0 0

11 - size

0 8 0 0 0 0 0 7 0 3 0
8 0 6 0 0 0 0 0 0 4 0
0 6 0 5 0 0 0 0 0 0 0
0 0 5 0 5 0 0 0 0 0 0
0 0 0 5 0 7 0 0 0 0 0
0 0 0 0 7 0 1 0 0 0 0
0 0 0 0 0 1 0 6 0 0 0
7 0 0 0 0 0 6 0 0 0 0
0 0 0 0 0 0 0 0 0 1 0
3 4 0 0 0 0 0 0 1 0 2
0 0 0 0 0 0 0 0 0 2 0

12 - size

0 1 2 0 0 4 0 0 0 0 0 0
1 0 3 2 2 0 0 0 3 3 0 0
2 3 0 0 0 0 2 1 0 0 3 3
0 2 0 0 0 0 0 0 0 0 0 0
0 2 0 0 0 0 0 0 0 0 0 0
4 0 0 0 0 0 0 0 0 0 0 0
0 0 2 0 0 0 0 0 0 0 0 0
0 0 1 0 0 0 0 0 0 0 0 0
0 3 0 0 0 0 0 0 0 0 0 0
0 3 0 0 0 0 0 0 0 0 0 0
0 0 3 0 0 0 0 0 0 0 0 0
0 0 3 0 0 0 0 0 0 0 0 0
